500 500
417 275
408 248
230 261
75 102
225 391
176 482
474 29
452 210
228 51
499 362
86 402
191 303
172 368
473 150
439 383
200 151
184 98
116 463
490 444
140 138
277 202
456 213
107 153
252 177
78 358
23 202
280 321
17 185
478 235
154 35
106 11
261 208
185 33
149 244
426 450
311 393
257 181
62 412
381 117
37 139
6 84
17 177
59 234
249 154
41 193
40 467
150 462
34 284
236 46
140 41
499 71
51 64
383 438
321 421
175 356
92 37
31 410
100 32
191 43
246 199
134 214
159 54
368 229
385 63
392 479
499 177
358 367
188 398
214 11
241 362
328 258
495 450
113 23
404 134
277 315
139 366
427 30
32 425
119 187
238 65
333 80
40 405
150 407
51 215
114 323
406 30
37 424
40 338
421 362
110 135
87 86
135 65
286 138
306 355
331 372
151 403
83 407
150 139
480 62
307 200
64 451
72 126
340 100
486 317
54 202
285 467
371 465
59 23
130 69
397 344
416 276
458 224
178 390
450 105
410 20
44 252
54 1
320 468
208 196
154 420
176 408
137 466
117 347
45 73
388 279
5 8
23 272
442 412
123 248
134 318
278 453
26 135
454 171
189 110
257 264
342 333
499 306
142 193
459 212
212 317
58 237
215 259
194 451
111 328
141 181
480 19
107 366
362 385
400 344
111 87
475 66
360 411
328 27
349 303
75 432
200 281
358 365
338 370
379 229
454 210
100 254
15 298
210 278
278 254
242 472
239 76
207 312
67 471
262 223
20 440
468 476
113 444
431 9
262 72
10 410
69 184
208 253
500 9
321 361
485 447
206 224
379 319
452 269
496 326
445 218
389 245
34 298
300 223
114 5
291 234
425 247
258 105
258 488
121 319
386 200
48 499
343 7
489 478
310 141
453 85
269 121
412 196
350 20
500 184
309 155
182 466
30 451
481 430
41 119
160 324
404 313
140 214
473 485
56 177
329 353
412 79
487 351
315 71
206 386
357 309
322 149
358 434
308 402
136 298
285 432
312 277
396 290
134 213
13 150
441 458
306 251
368 429
401 132
196 130
376 58
184 301
164 334
127 361
419 112
365 277
471 365
94 277
488 254
233 259
173 251
35 311
248 165
390 69
401 468
454 447
436 438
175 449
352 118
389 131
384 210
63 343
465 441
449 100
126 302
202 8
123 183
22 143
459 454
396 53
51 284
133 328
52 261
388 7
248 205
441 317
294 187
34 428
381 316
56 258
401 256
223 316
459 402
86 354
152 283
316 360
353 251
486 284
206 163
274 301
194 308
209 166
453 115
471 257
23 359
430 228
330 458
34 232
83 180
127 20
469 247
417 306
109 285
64 23
41 285
102 438
41 478
175 406
181 406
24 373
349 485
72 453
455 4
374 138
249 118
438 338
344 302
52 380
194 26
371 357
161 62
494 219
326 159
455 189
351 321
279 484
317 362
296 313
306 160
215 212
112 295
170 407
176 468
59 385
193 139
47 343
62 438
216 274
99 316
115 127
473 287
336 234
30 190
225 408
390 376
426 306
280 143
319 423
54 333
460 485
20 23
232 248
173 141
12 157
346 295
149 5
157 196
469 396
436 369
111 303
319 119
370 166
410 154
86 178
260 42
242 64
221 402
47 236
281 264
60 8
266 410
372 446
483 164
232 477
3 328
274 341
442 445
23 146
265 401
365 45
468 490
14 255
19 88
211 284
418 466
430 29
492 101
305 94
405 16
64 265
160 50
19 202
286 2
25 133
405 114
418 95
177 309
150 49
366 170
333 115
161 207
353 90
455 486
198 18
29 363
281 493
453 274
187 439
121 419
330 219
385 156
352 32
412 170
371 55
23 457
241 83
129 313
450 27
113 341
18 441
72 251
297 32
408 478
445 455
177 133
312 72
64 448
352 338
499 142
33 167
323 458
234 154
474 289
456 347
389 223
484 262
183 177
446 464
232 17
125 254
403 393
344 171
329 428
252 43
64 2
224 218
212 58
368 1
221 63
230 382
135 200
64 75
496 495
259 87
458 43
174 156
359 101
405 234
455 471
271 295
181 4
96 433
270 290
315 159
297 313
302 200
401 429
185 191
311 7
342 121
421 124
216 306
59 417
295 328
446 229
270 366
32 306
274 431
218 353
432 117
14 205
114 186
101 296
123 70
14 191
215 439
329 29
303 319
361 375
159 318
466 103
243 353
432 324
453 24
162 479
358 269
493 114
113 219
278 287
86 16
267 54
396 323
202 372
180 43
48 41
304 374
264 231
