500 500
477 489
332 93
284 239
432 274
413 83
332 164
18 272
43 247
39 161
117 316
308 143
440 81
490 251
330 62
160 244
217 21
206 368
407 395
302 352
74 405
218 405
249 136
92 108
441 465
390 102
141 361
98 76
7 210
170 277
245 348
257 123
272 17
21 106
76 110
415 369
410 423
306 71
77 423
256 47
198 426
351 400
368 134
185 262
284 326
205 135
494 490
88 67
346 49
453 245
248 485
134 187
332 338
384 129
447 287
74 19
108 8
107 379
472 391
219 412
387 455
2 170
465 48
62 359
266 457
248 91
93 104
110 473
89 437
156 208
431 83
479 323
265 190
120 429
263 416
255 6
113 397
442 252
354 218
293 123
328 277
221 50
329 227
98 103
359 361
267 379
54 188
186 159
181 197
40 476
160 81
138 456
157 154
243 131
14 432
127 63
388 466
220 5
276 470
383 10
204 416
95 174
143 96
375 184
478 439
155 367
4 107
418 291
191 80
327 470
128 291
95 448
95 238
77 312
144 238
363 196
248 336
54 497
170 397
34 248
414 158
323 18
377 77
477 2
67 410
129 86
460 390
386 97
332 55
241 291
191 270
445 27
461 68
172 300
375 294
47 470
20 69
498 442
177 175
178 137
194 388
318 217
334 477
143 146
491 121
263 155
408 363
209 122
45 281
107 376
398 136
131 279
224 73
399 254
3 197
254 152
415 74
356 233
447 225
141 304
164 322
355 123
47 91
492 410
351 121
293 300
100 197
117 140
495 233
355 302
127 444
31 428
338 453
69 393
30 29
103 317
404 140
254 143
181 448
32 110
63 318
297 144
128 51
406 106
116 468
272 294
86 371
111 436
339 144
268 298
127 245
150 139
406 378
266 139
20 121
243 218
158 459
387 473
307 425
212 188
395 245
336 255
267 342
281 172
371 175
50 474
402 365
436 109
234 12
113 444
494 294
409 62
270 429
324 42
259 376
181 138
116 337
46 352
370 318
162 52
317 167
481 467
248 438
140 276
217 151
239 469
90 56
396 366
369 150
19 115
10 434
368 57
112 406
478 473
47 57
324 353
409 127
231 52
460 250
118 30
141 394
130 54
257 458
410 107
487 108
332 384
439 33
201 480
462 203
101 250
71 269
125 473
287 87
243 33
286 151
390 65
212 157
92 16
422 100
450 260
190 442
67 297
122 140
229 19
182 316
66 31
189 330
148 491
360 71
194 147
47 345
441 280
46 412
364 393
257 302
404 5
192 220
288 319
44 236
219 330
208 77
473 437
497 434
206 388
223 55
270 425
373 430
130 196
53 240
74 351
198 325
285 75
68 383
148 125
271 435
135 498
469 227
494 231
347 159
21 489
476 104
177 315
210 408
457 367
167 295
202 237
1 464
443 68
202 466
458 427
77 79
353 209
3 125
82 10
196 12
499 179
419 157
110 469
445 34
430 83
47 371
105 452
135 55
472 42
387 381
194 378
282 487
25 477
188 23
284 500
447 377
211 105
365 246
274 312
7 44
182 239
145 148
406 479
111 342
67 80
397 8
165 476
468 380
356 406
208 57
312 251
128 322
269 216
5 328
256 491
350 263
424 48
21 436
29 481
273 330
257 59
410 212
38 247
481 120
433 18
141 276
254 222
319 304
62 82
307 105
23 170
32 373
240 376
20 425
435 469
310 81
485 138
198 468
401 299
392 249
249 175
161 311
19 137
273 190
197 293
63 79
254 361
492 180
483 45
357 458
246 96
412 74
391 409
463 296
450 166
97 266
194 500
79 34
449 293
485 28
286 336
210 274
358 349
455 236
127 167
180 323
324 220
5 398
495 456
131 64
317 174
105 196
266 333
219 486
111 465
339 35
197 324
479 324
165 181
356 235
90 392
477 117
364 360
445 370
465 359
129 181
491 374
251 49
404 23
370 493
342 381
359 85
171 47
466 419
325 433
182 11
71 250
457 435
319 464
146 299
178 487
401 306
223 370
215 171
308 460
215 329
375 273
110 200
175 227
67 382
305 57
144 167
7 195
387 489
156 364
202 448
465 463
372 435
54 23
145 45
179 47
490 365
75 398
6 223
305 211
167 177
14 402
311 139
24 130
359 307
315 141
40 226
62 51
440 376
402 327
234 56
368 237
99 442
217 350
422 95
421 235
253 36
194 475
281 252
408 64
170 246
500 274
232 223
146 356
379 86
417 220
276 174
399 179
123 30
230 307
435 383
416 124
9 216
328 68
21 64
175 11
198 136
415 151
394 49
460 152
93 388
358 78
