500 498
494 114
341 160
238 496
106 136
212 72
52 311
477 311
196 223
337 122
230 331
470 264
470 128
398 181
367 114
260 436
466 87
72 78
191 67
174 465
489 426
495 486
337 433
4 43
378 441
181 210
32 287
279 468
93 407
499 174
63 92
185 175
464 41
37 112
381 404
349 183
427 286
189 466
112 11
142 241
24 472
460 218
249 12
124 164
158 75
135 148
254 335
168 303
330 370
290 408
34 269
412 163
460 266
315 134
255 248
167 20
13 61
482 152
454 3
160 395
287 436
422 168
144 300
339 389
495 23
186 448
370 468
101 88
265 52
147 440
433 33
188 380
22 243
280 176
74 46
132 82
292 370
68 96
150 178
301 16
439 74
157 398
241 341
366 178
104 83
263 295
90 436
168 149
77 62
364 124
305 483
18 191
247 134
401 66
55 417
367 328
478 398
247 393
436 342
99 181
267 103
218 92
499 67
407 412
12 475
364 254
383 118
304 452
318 495
158 337
471 74
28 137
97 403
61 442
138 245
194 413
62 444
373 33
10 217
493 283
395 213
156 337
281 237
161 488
164 441
178 109
234 328
295 455
346 245
437 43
231 225
229 43
51 499
90 424
157 55
27 176
384 116
234 285
474 306
94 340
165 300
466 471
145 171
415 339
79 277
250 18
24 242
115 394
216 19
11 380
344 34
135 79
181 84
188 423
410 64
169 438
361 417
108 382
202 211
469 32
380 70
125 394
307 173
436 442
224 172
432 114
121 355
336 302
340 62
125 145
33 439
20 125
285 350
498 422
300 476
15 390
395 88
234 133
245 300
444 399
275 293
190 377
407 435
292 68
401 213
191 183
182 217
412 270
107 315
104 187
44 290
98 307
57 346
192 266
216 447
30 51
166 365
50 137
217 69
274 220
193 195
329 297
296 190
2 110
355 293
380 15
104 450
468 336
370 186
366 132
355 167
148 200
72 94
165 53
311 77
32 470
299 397
306 136
76 45
204 227
311 101
254 188
103 496
409 338
191 131
187 492
258 32
273 378
129 84
124 483
92 461
381 172
105 65
195 92
272 105
484 86
445 350
485 207
222 199
154 249
126 154
262 109
359 391
373 265
17 88
401 234
201 351
145 8
170 346
394 81
355 162
120 478
156 29
242 103
420 132
161 257
329 233
242 459
204 402
141 298
477 5
50 407
328 354
500 257
299 364
405 404
462 240
444 472
113 108
67 104
425 354
272 183
291 330
224 62
284 359
68 196
96 443
175 252
111 494
71 179
351 419
227 424
139 284
138 162
273 433
294 346
298 92
343 50
169 164
446 487
251 394
390 387
170 494
222 351
17 32
165 275
466 12
188 489
200 457
140 362
101 103
438 461
153 325
240 498
57 344
175 80
98 137
195 324
183 419
197 263
302 67
166 180
400 306
405 324
348 71
1 303
76 174
388 94
468 342
253 123
321 388
419 167
216 70
292 461
160 377
307 313
59 303
30 494
273 49
81 447
444 162
325 226
278 247
329 300
490 137
329 30
456 306
158 88
329 468
296 476
160 396
400 363
471 236
466 309
498 62
328 188
162 83
204 269
216 289
2 199
60 77
308 302
347 53
461 301
41 459
71 248
243 296
461 335
238 171
261 93
310 196
490 126
136 69
271 250
149 268
382 352
449 186
47 35
88 381
315 124
136 120
185 10
205 130
236 284
316 107
159 391
433 211
408 106
449 116
197 68
321 336
450 173
113 440
297 242
293 255
484 184
39 137
55 473
7 9
371 135
238 408
336 426
8 131
352 215
198 232
18 443
204 401
44 40
16 392
354 165
161 326
348 65
8 321
437 170
27 122
393 271
273 180
336 221
305 410
143 40
419 384
406 129
26 157
194 54
233 402
172 244
242 233
160 386
36 75
263 99
175 414
69 76
50 151
64 232
120 445
254 446
164 496
339 222
44 15
493 308
403 71
371 136
235 402
183 224
436 337
332 173
394 474
456 331
75 39
438 392
482 457
397 85
185 226
132 465
281 323
324 84
173 266
265 129
235 97
82 120
474 1
396 409
132 256
494 415
270 16
252 422
368 74
160 105
206 80
455 245
389 423
442 360
150 166
295 423
46 365
19 397
148 386
175 361
230 408
248 392
329 411
313 441
24 401
137 379
45 320
230 274
496 305
140 434
246 235
331 407
136 130
96 187
441 345
117 415
23 36
329 163
27 406
113 241
292 321
418 50
404 61
312 421
423 17
236 397
410 429
111 256
241 213
53 495
174 232
800
269 214
4 129
40 103
489 7
490 192
472 127
252 119
284 227
433 26
316 189
302 85
9 120
453 377
307 475
395 433
28 176
322 298
418 231
17 101
239 252
170 105
385 351
11 311
326 142
315 416
176 325
186 436
63 311
146 155
300 86
240 255
127 148
421 361
146 221
218 421
461 89
37 374
95 183
461 265
21 239
193 85
140 143
75 418
106 400
356 153
460 341
232 275
214 35
243 28
72 410
315 154
200 476
297 25
456 209
463 183
166 376
259 46
314 353
320 242
24 356
458 172
467 272
377 116
152 326
34 405
383 141
292 323
158 293
481 398
255 33
298 65
126 4
189 4
255 7
105 392
296 281
495 467
202 173
486 236
237 300
176 253
230 302
373 36
86 416
431 65
132 215
253 409
290 242
168 323
463 373
31 136
452 378
494 368
387 211
89 137
229 132
349 77
70 76
204 315
135 127
399 22
408 449
30 357
186 66
27 434
108 285
214 276
310 300
255 79
465 496
130 21
71 276
48 67
52 354
425 40
305 443
10 493
139 31
495 127
42 152
376 482
61 138
434 303
218 135
423 262
75 326
66 77
473 231
446 372
474 190
245 326
378 455
294 399
280 168
58 40
253 162
341 36
272 468
12 86
197 281
472 43
319 371
286 482
215 182
334 487
278 237
72 263
465 382
13 455
120 236
282 451
411 299
14 158
399 220
239 359
172 302
254 355
220 417
270 242
369 52
277 167
178 487
213 381
385 253
123 259
376 176
368 323
146 76
81 127
335 465
280 9
292 212
221 62
164 195
479 418
398 197
415 247
72 222
277 241
137 35
167 375
165 396
39 146
365 454
489 58
311 376
481 49
299 65
492 136
479 405
380 407
87 78
499 162
219 194
34 394
336 126
175 491
34 48
491 28
162 296
77 379
369 324
394 156
149 95
342 48
325 433
78 89
451 377
74 231
383 363
181 237
491 205
451 334
366 164
241 281
334 472
277 32
309 405
156 77
268 434
157 180
317 44
142 414
36 444
498 218
144 278
239 357
478 34
118 234
253 255
489 486
493 422
285 71
261 31
490 52
325 85
95 331
368 326
233 67
326 79
413 211
338 168
375 47
296 249
250 233
379 466
114 172
325 476
267 45
161 174
389 268
347 209
200 295
218 219
475 258
223 449
321 50
418 226
237 166
79 362
247 421
174 136
383 339
293 184
194 126
358 456
100 233
98 48
57 499
202 355
263 348
163 79
139 474
85 451
250 433
443 375
315 4
305 366
166 6
237 326
58 206
66 94
127 119
372 484
157 8
346 383
53 182
136 309
434 32
425 33
58 394
376 15
176 439
39 437
224 197
267 461
42 425
31 416
21 250
288 109
206 7
473 126
182 491
59 176
160 345
481 72
374 241
354 147
86 409
50 285
43 210
320 193
294 376
317 326
225 389
331 194
306 67
297 369
465 146
436 51
179 283
85 6
261 45
311 292
199 322
239 484
176 85
383 344
435 282
434 213
490 93
310 413
292 493
237 17
322 288
175 391
110 277
44 176
471 465
99 38
122 143
26 254
340 439
174 125
182 355
288 87
292 252
1 373
19 152
256 485
54 411
302 140
221 465
291 140
46 33
231 438
489 356
99 280
417 58
480 306
134 219
493 60
414 166
336 220
324 166
401 223
245 418
127 380
108 372
385 379
358 338
147 282
53 146
55 199
460 458
164 237
169 203
316 372
396 38
256 169
56 232
128 274
314 287
124 351
184 392
3 407
427 149
128 275
417 367
318 60
47 279
82 38
269 320
208 293
1 315
124 394
194 273
499 494
193 486
118 4
175 139
385 217
357 437
376 189
342 183
95 108
94 371
34 157
114 357
299 266
369 237
214 476
65 141
90 181
172 61
491 146
86 193
101 263
456 465
76 36
24 369
56 160
155 362
210 283
135 340
29 356
76 241
350 298
281 454
326 397
383 328
378 102
231 361
257 93
444 98
211 405
493 56
374 479
271 304
236 340
76 256
178 181
276 370
187 271
48 418
381 292
319 32
365 3
263 145
351 196
214 25
241 436
7 219
500 57
276 295
232 372
194 486
353 310
476 222
281 384
383 18
156 152
5 124
170 209
414 359
3 68
488 373
132 283
462 452
352 376
270 2
323 85
327 291
463 203
451 405
102 123
142 462
159 385
152 44
282 407
408 11
437 228
79 81
322 187
26 55
30 69
177 86
116 494
226 143
440 388
416 178
397 179
334 207
72 124
385 346
326 420
72 60
305 246
483 215
499 301
269 356
154 188
390 184
350 481
431 330
356 297
65 133
83 329
446 220
237 194
229 141
69 203
198 97
500 447
455 282
268 401
111 127
474 246
298 3
226 197
288 188
26 288
444 321
165 196
143 169
298 289
110 392
137 443
285 217
31 425
140 52
363 412
310 42
357 216
392 418
11 457
325 431
208 274
299 368
6 241
195 407
424 246
84 83
205 249
44 491
428 183
424 281
12 219
19 443
485 394
250 325
115 480
115 402
243 56
294 90
186 228
151 163
259 38
384 166
457 57
375 191
63 385
14 203
134 469
406 66
314 87
459 337
185 252
152 97
222 333
136 314
165 419
218 456
338 199
237 50
445 161
337 78
157 480
137 124
49 22
243 321
31 32
341 292
356 69
367 450
445 411
497 460
24 58
168 20
232 161
41 432
91 103
151 391
177 32
415 166
20 399
1 405
264 116
279 219
487 127
210 15
6 59
171 95
216 452
276 199
276 38
493 253
412 312
14 285
357 410
406 79
44 155
129 434
424 73
314 476
231 489
178 450
12 341
439 500
484 113
434 495
295 420
287 9
84 265
82 70
314 453
163 2
109 355
168 485
119 453
441 41
252 27
418 411
90 293
498 97
311 477
318 367
228 367
7 436
327 63
283 295
13 483
446 127
40 267
118 124
317 226
143 111
57 465
112 172
189 152
89 430
474 336
219 406
42 50
273 98
381 286
216 37
460 152
389 485
281 55
41 129
39 136
186 497
498 409
140 225
414 224
223 59
44 322
48 35
498 74
417 253
188 159
26 365
393 33
437 35
454 409
292 179
480 353
78 1
410 372
144 282
207 308
436 146
85 73
429 123
78 118
51 234
304 317
99 428
321 350
165 61
85 146
325 162
253 75
70 237
221 215
38 190
380 198
4 135
125 451
146 54
97 213
173 481
250 398
281 347
280 57
211 178
52 228
29 286
112 2
245 376
341 314
394 385
207 118
152 325
264 269
152 462
349 178
214 285
312 23
84 27
150 480
31 494
403 455
274 94
252 326
226 435
275 343
319 339
265 381
86 212
169 266
473 464
226 299
137 36
427 251
481 476
423 219
184 283
234 392
252 346
361 401
153 229
346 2
397 187
452 317
6 479
393 309
94 26
491 209
317 6
98 443
484 287
14 188
60 105
147 23
218 101
349 140
296 370
132 70
500 61
84 89
499 423
251 4
14 201
169 412
167 22
170 7
192 327
495 8
38 58
276 427
441 235
484 490
177 268
406 337
478 11
112 477
396 147
111 230
117 223
81 285
84 9
6 425
236 78
54 143
356 67
186 486
213 363
129 367
362 421
436 228
102 348
5 183
274 381
264 37
496 134
76 343
138 109
134 103
